3.4 PROBLEM REULTS 
 ---------------------------------------------------------------- 
P		r		n			V

1000.000000	0.100000	1.000000		1100.000000
1000.000000	0.100000	2.000000		1210.000000
1000.000000	0.100000	3.000000		1331.000122
1000.000000	0.100000	4.000000		1464.100098
1000.000000	0.100000	5.000000		1610.510132
1000.000000	0.100000	6.000000		1771.561279
1000.000000	0.100000	7.000000		1948.717407
1000.000000	0.100000	8.000000		2143.589111
1000.000000	0.100000	9.000000		2357.948242
1000.000000	0.100000	10.000000		2593.742920
1000.000000	0.110000	1.000000		1110.000000
1000.000000	0.110000	2.000000		1232.099976
1000.000000	0.110000	3.000000		1367.631104
1000.000000	0.110000	4.000000		1518.070435
1000.000000	0.110000	5.000000		1685.058228
1000.000000	0.110000	6.000000		1870.414673
1000.000000	0.110000	7.000000		2076.160400
1000.000000	0.110000	8.000000		2304.538086
1000.000000	0.110000	9.000000		2558.037109
1000.000000	0.110000	10.000000		2839.421387
1000.000000	0.120000	1.000000		1120.000000
1000.000000	0.120000	2.000000		1254.400024
1000.000000	0.120000	3.000000		1404.927979
1000.000000	0.120000	4.000000		1573.519409
1000.000000	0.120000	5.000000		1762.341675
1000.000000	0.120000	6.000000		1973.822754
1000.000000	0.120000	7.000000		2210.681396
1000.000000	0.120000	8.000000		2475.963379
1000.000000	0.120000	9.000000		2773.078857
1000.000000	0.120000	10.000000		3105.848389
1000.000000	0.130000	1.000000		1130.000000
1000.000000	0.130000	2.000000		1276.900024
1000.000000	0.130000	3.000000		1442.896973
1000.000000	0.130000	4.000000		1630.473633
1000.000000	0.130000	5.000000		1842.435181
1000.000000	0.130000	6.000000		2081.951660
1000.000000	0.130000	7.000000		2352.605469
1000.000000	0.130000	8.000000		2658.444092
1000.000000	0.130000	9.000000		3004.041748
1000.000000	0.130000	10.000000		3394.567139
1000.000000	0.140000	1.000000		1140.000000
1000.000000	0.140000	2.000000		1299.599976
1000.000000	0.140000	3.000000		1481.543945
1000.000000	0.140000	4.000000		1688.960083
1000.000000	0.140000	5.000000		1925.414429
1000.000000	0.140000	6.000000		2194.972412
1000.000000	0.140000	7.000000		2502.268555
1000.000000	0.140000	8.000000		2852.586182
1000.000000	0.140000	9.000000		3251.948242
1000.000000	0.140000	10.000000		3707.220947
1000.000000	0.150000	1.000000		1150.000000
1000.000000	0.150000	2.000000		1322.500000
1000.000000	0.150000	3.000000		1520.874878
1000.000000	0.150000	4.000000		1749.006104
1000.000000	0.150000	5.000000		2011.356934
1000.000000	0.150000	6.000000		2313.060547
1000.000000	0.150000	7.000000		2660.019531
1000.000000	0.150000	8.000000		3059.022461
1000.000000	0.150000	9.000000		3517.875732
1000.000000	0.150000	10.000000		4045.556885
1000.000000	0.160000	1.000000		1160.000000
1000.000000	0.160000	2.000000		1345.599976
1000.000000	0.160000	3.000000		1560.895874
1000.000000	0.160000	4.000000		1810.639160
1000.000000	0.160000	5.000000		2100.341309
1000.000000	0.160000	6.000000		2436.395996
1000.000000	0.160000	7.000000		2826.219238
1000.000000	0.160000	8.000000		3278.414062
1000.000000	0.160000	9.000000		3802.960205
1000.000000	0.160000	10.000000		4411.433594
1000.000000	0.170000	1.000000		1170.000122
1000.000000	0.170000	2.000000		1368.900146
1000.000000	0.170000	3.000000		1601.613281
1000.000000	0.170000	4.000000		1873.887695
1000.000000	0.170000	5.000000		2192.448730
1000.000000	0.170000	6.000000		2565.165283
1000.000000	0.170000	7.000000		3001.243408
1000.000000	0.170000	8.000000		3511.455078
1000.000000	0.170000	9.000000		4108.402832
1000.000000	0.170000	10.000000		4806.831543
1000.000000	0.180000	1.000000		1180.000122
1000.000000	0.180000	2.000000		1392.400146
1000.000000	0.180000	3.000000		1643.032227
1000.000000	0.180000	4.000000		1938.778198
1000.000000	0.180000	5.000000		2287.758301
1000.000000	0.180000	6.000000		2699.555176
1000.000000	0.180000	7.000000		3185.475098
1000.000000	0.180000	8.000000		3758.860840
1000.000000	0.180000	9.000000		4435.456055
1000.000000	0.180000	10.000000		5233.838379
1000.000000	0.190000	1.000000		1190.000000
1000.000000	0.190000	2.000000		1416.100098
1000.000000	0.190000	3.000000		1685.159302
1000.000000	0.190000	4.000000		2005.339600
1000.000000	0.190000	5.000000		2386.354248
1000.000000	0.190000	6.000000		2839.761719
1000.000000	0.190000	7.000000		3379.316650
1000.000000	0.190000	8.000000		4021.386963
1000.000000	0.190000	9.000000		4785.450684
1000.000000	0.190000	10.000000		5694.686523
1000.000000	0.200000	1.000000		1200.000000
1000.000000	0.200000	2.000000		1440.000122
1000.000000	0.200000	3.000000		1728.000244
1000.000000	0.200000	4.000000		2073.600342
1000.000000	0.200000	5.000000		2488.320557
1000.000000	0.200000	6.000000		2985.984619
1000.000000	0.200000	7.000000		3583.181885
1000.000000	0.200000	8.000000		4299.818359
1000.000000	0.200000	9.000000		5159.782227
1000.000000	0.200000	10.000000		6191.738770
2000.000000	0.100000	1.000000		2200.000000
2000.000000	0.100000	2.000000		2420.000000
2000.000000	0.100000	3.000000		2662.000244
2000.000000	0.100000	4.000000		2928.200195
2000.000000	0.100000	5.000000		3221.020264
2000.000000	0.100000	6.000000		3543.122559
2000.000000	0.100000	7.000000		3897.434814
2000.000000	0.100000	8.000000		4287.178223
2000.000000	0.100000	9.000000		4715.896484
2000.000000	0.100000	10.000000		5187.485840
2000.000000	0.110000	1.000000		2220.000000
2000.000000	0.110000	2.000000		2464.199951
2000.000000	0.110000	3.000000		2735.262207
2000.000000	0.110000	4.000000		3036.140869
2000.000000	0.110000	5.000000		3370.116455
2000.000000	0.110000	6.000000		3740.829346
2000.000000	0.110000	7.000000		4152.320801
2000.000000	0.110000	8.000000		4609.076172
2000.000000	0.110000	9.000000		5116.074219
2000.000000	0.110000	10.000000		5678.842773
2000.000000	0.120000	1.000000		2240.000000
2000.000000	0.120000	2.000000		2508.800049
2000.000000	0.120000	3.000000		2809.855957
2000.000000	0.120000	4.000000		3147.038818
2000.000000	0.120000	5.000000		3524.683350
2000.000000	0.120000	6.000000		3947.645508
2000.000000	0.120000	7.000000		4421.362793
2000.000000	0.120000	8.000000		4951.926758
2000.000000	0.120000	9.000000		5546.157715
2000.000000	0.120000	10.000000		6211.696777
2000.000000	0.130000	1.000000		2260.000000
2000.000000	0.130000	2.000000		2553.800049
2000.000000	0.130000	3.000000		2885.793945
2000.000000	0.130000	4.000000		3260.947266
2000.000000	0.130000	5.000000		3684.870361
2000.000000	0.130000	6.000000		4163.903320
2000.000000	0.130000	7.000000		4705.210938
2000.000000	0.130000	8.000000		5316.888184
2000.000000	0.130000	9.000000		6008.083496
2000.000000	0.130000	10.000000		6789.134277
2000.000000	0.140000	1.000000		2280.000000
2000.000000	0.140000	2.000000		2599.199951
2000.000000	0.140000	3.000000		2963.087891
2000.000000	0.140000	4.000000		3377.920166
2000.000000	0.140000	5.000000		3850.828857
2000.000000	0.140000	6.000000		4389.944824
2000.000000	0.140000	7.000000		5004.537109
2000.000000	0.140000	8.000000		5705.172363
2000.000000	0.140000	9.000000		6503.896484
2000.000000	0.140000	10.000000		7414.441895
2000.000000	0.150000	1.000000		2300.000000
2000.000000	0.150000	2.000000		2645.000000
2000.000000	0.150000	3.000000		3041.749756
2000.000000	0.150000	4.000000		3498.012207
2000.000000	0.150000	5.000000		4022.713867
2000.000000	0.150000	6.000000		4626.121094
2000.000000	0.150000	7.000000		5320.039062
2000.000000	0.150000	8.000000		6118.044922
2000.000000	0.150000	9.000000		7035.751465
2000.000000	0.150000	10.000000		8091.113770
2000.000000	0.160000	1.000000		2320.000000
2000.000000	0.160000	2.000000		2691.199951
2000.000000	0.160000	3.000000		3121.791748
2000.000000	0.160000	4.000000		3621.278320
2000.000000	0.160000	5.000000		4200.682617
2000.000000	0.160000	6.000000		4872.791992
2000.000000	0.160000	7.000000		5652.438477
2000.000000	0.160000	8.000000		6556.828125
2000.000000	0.160000	9.000000		7605.920410
2000.000000	0.160000	10.000000		8822.867188
2000.000000	0.170000	1.000000		2340.000244
2000.000000	0.170000	2.000000		2737.800293
2000.000000	0.170000	3.000000		3203.226562
2000.000000	0.170000	4.000000		3747.775391
2000.000000	0.170000	5.000000		4384.897461
2000.000000	0.170000	6.000000		5130.330566
2000.000000	0.170000	7.000000		6002.486816
2000.000000	0.170000	8.000000		7022.910156
2000.000000	0.170000	9.000000		8216.805664
2000.000000	0.170000	10.000000		9613.663086
2000.000000	0.180000	1.000000		2360.000244
2000.000000	0.180000	2.000000		2784.800293
2000.000000	0.180000	3.000000		3286.064453
2000.000000	0.180000	4.000000		3877.556396
2000.000000	0.180000	5.000000		4575.516602
2000.000000	0.180000	6.000000		5399.110352
2000.000000	0.180000	7.000000		6370.950195
2000.000000	0.180000	8.000000		7517.721680
2000.000000	0.180000	9.000000		8870.912109
2000.000000	0.180000	10.000000		10467.676758
2000.000000	0.190000	1.000000		2380.000000
2000.000000	0.190000	2.000000		2832.200195
2000.000000	0.190000	3.000000		3370.318604
2000.000000	0.190000	4.000000		4010.679199
2000.000000	0.190000	5.000000		4772.708496
2000.000000	0.190000	6.000000		5679.523438
2000.000000	0.190000	7.000000		6758.633301
2000.000000	0.190000	8.000000		8042.773926
2000.000000	0.190000	9.000000		9570.901367
2000.000000	0.190000	10.000000		11389.373047
2000.000000	0.200000	1.000000		2400.000000
2000.000000	0.200000	2.000000		2880.000244
2000.000000	0.200000	3.000000		3456.000488
2000.000000	0.200000	4.000000		4147.200684
2000.000000	0.200000	5.000000		4976.641113
2000.000000	0.200000	6.000000		5971.969238
2000.000000	0.200000	7.000000		7166.363770
2000.000000	0.200000	8.000000		8599.636719
2000.000000	0.200000	9.000000		10319.564453
2000.000000	0.200000	10.000000		12383.477539
3000.000000	0.100000	1.000000		3300.000000
3000.000000	0.100000	2.000000		3630.000244
3000.000000	0.100000	3.000000		3993.000244
3000.000000	0.100000	4.000000		4392.300293
3000.000000	0.100000	5.000000		4831.530762
3000.000000	0.100000	6.000000		5314.683594
3000.000000	0.100000	7.000000		5846.152344
3000.000000	0.100000	8.000000		6430.767578
3000.000000	0.100000	9.000000		7073.844238
3000.000000	0.100000	10.000000		7781.229004
3000.000000	0.110000	1.000000		3330.000000
3000.000000	0.110000	2.000000		3696.300049
3000.000000	0.110000	3.000000		4102.893066
3000.000000	0.110000	4.000000		4554.211426
3000.000000	0.110000	5.000000		5055.174805
3000.000000	0.110000	6.000000		5611.244141
3000.000000	0.110000	7.000000		6228.480957
3000.000000	0.110000	8.000000		6913.614258
3000.000000	0.110000	9.000000		7674.111816
3000.000000	0.110000	10.000000		8518.263672
3000.000000	0.120000	1.000000		3360.000000
3000.000000	0.120000	2.000000		3763.199951
3000.000000	0.120000	3.000000		4214.784180
3000.000000	0.120000	4.000000		4720.558105
3000.000000	0.120000	5.000000		5287.025391
3000.000000	0.120000	6.000000		5921.468262
3000.000000	0.120000	7.000000		6632.044434
3000.000000	0.120000	8.000000		7427.889648
3000.000000	0.120000	9.000000		8319.236328
3000.000000	0.120000	10.000000		9317.544922
3000.000000	0.130000	1.000000		3390.000000
3000.000000	0.130000	2.000000		3830.699951
3000.000000	0.130000	3.000000		4328.690918
3000.000000	0.130000	4.000000		4891.420898
3000.000000	0.130000	5.000000		5527.305664
3000.000000	0.130000	6.000000		6245.854980
3000.000000	0.130000	7.000000		7057.816406
3000.000000	0.130000	8.000000		7975.332520
3000.000000	0.130000	9.000000		9012.125000
3000.000000	0.130000	10.000000		10183.702148
3000.000000	0.140000	1.000000		3420.000000
3000.000000	0.140000	2.000000		3898.799805
3000.000000	0.140000	3.000000		4444.631836
3000.000000	0.140000	4.000000		5066.880371
3000.000000	0.140000	5.000000		5776.243164
3000.000000	0.140000	6.000000		6584.917480
3000.000000	0.140000	7.000000		7506.805664
3000.000000	0.140000	8.000000		8557.758789
3000.000000	0.140000	9.000000		9755.844727
3000.000000	0.140000	10.000000		11121.662109
3000.000000	0.150000	1.000000		3450.000000
3000.000000	0.150000	2.000000		3967.499756
3000.000000	0.150000	3.000000		4562.624512
3000.000000	0.150000	4.000000		5247.018555
3000.000000	0.150000	5.000000		6034.070801
3000.000000	0.150000	6.000000		6939.181641
3000.000000	0.150000	7.000000		7980.058594
3000.000000	0.150000	8.000000		9177.067383
3000.000000	0.150000	9.000000		10553.626953
3000.000000	0.150000	10.000000		12136.670898
3000.000000	0.160000	1.000000		3480.000000
3000.000000	0.160000	2.000000		4036.799805
3000.000000	0.160000	3.000000		4682.687500
3000.000000	0.160000	4.000000		5431.917480
3000.000000	0.160000	5.000000		6301.023926
3000.000000	0.160000	6.000000		7309.187500
3000.000000	0.160000	7.000000		8478.657227
3000.000000	0.160000	8.000000		9835.242188
3000.000000	0.160000	9.000000		11408.880859
3000.000000	0.160000	10.000000		13234.301758
3000.000000	0.170000	1.000000		3510.000244
3000.000000	0.170000	2.000000		4106.700684
3000.000000	0.170000	3.000000		4804.839844
3000.000000	0.170000	4.000000		5621.663086
3000.000000	0.170000	5.000000		6577.346191
3000.000000	0.170000	6.000000		7695.495605
3000.000000	0.170000	7.000000		9003.730469
3000.000000	0.170000	8.000000		10534.365234
3000.000000	0.170000	9.000000		12325.208008
3000.000000	0.170000	10.000000		14420.494141
3000.000000	0.180000	1.000000		3540.000244
3000.000000	0.180000	2.000000		4177.200684
3000.000000	0.180000	3.000000		4929.096680
3000.000000	0.180000	4.000000		5816.334473
3000.000000	0.180000	5.000000		6863.275391
3000.000000	0.180000	6.000000		8098.665039
3000.000000	0.180000	7.000000		9556.425781
3000.000000	0.180000	8.000000		11276.583008
3000.000000	0.180000	9.000000		13306.368164
3000.000000	0.180000	10.000000		15701.515625
3000.000000	0.190000	1.000000		3570.000244
3000.000000	0.190000	2.000000		4248.300293
3000.000000	0.190000	3.000000		5055.477539
3000.000000	0.190000	4.000000		6016.018555
3000.000000	0.190000	5.000000		7159.062500
3000.000000	0.190000	6.000000		8519.285156
3000.000000	0.190000	7.000000		10137.949219
3000.000000	0.190000	8.000000		12064.161133
3000.000000	0.190000	9.000000		14356.351562
3000.000000	0.190000	10.000000		17084.060547
3000.000000	0.200000	1.000000		3600.000244
3000.000000	0.200000	2.000000		4320.000488
3000.000000	0.200000	3.000000		5184.000488
3000.000000	0.200000	4.000000		6220.800781
3000.000000	0.200000	5.000000		7464.961426
3000.000000	0.200000	6.000000		8957.954102
3000.000000	0.200000	7.000000		10749.544922
3000.000000	0.200000	8.000000		12899.455078
3000.000000	0.200000	9.000000		15479.346680
3000.000000	0.200000	10.000000		18575.216797
4000.000000	0.100000	1.000000		4400.000000
4000.000000	0.100000	2.000000		4840.000000
4000.000000	0.100000	3.000000		5324.000488
4000.000000	0.100000	4.000000		5856.400391
4000.000000	0.100000	5.000000		6442.040527
4000.000000	0.100000	6.000000		7086.245117
4000.000000	0.100000	7.000000		7794.869629
4000.000000	0.100000	8.000000		8574.356445
4000.000000	0.100000	9.000000		9431.792969
4000.000000	0.100000	10.000000		10374.971680
4000.000000	0.110000	1.000000		4440.000000
4000.000000	0.110000	2.000000		4928.399902
4000.000000	0.110000	3.000000		5470.524414
4000.000000	0.110000	4.000000		6072.281738
4000.000000	0.110000	5.000000		6740.232910
4000.000000	0.110000	6.000000		7481.658691
4000.000000	0.110000	7.000000		8304.641602
4000.000000	0.110000	8.000000		9218.152344
4000.000000	0.110000	9.000000		10232.148438
4000.000000	0.110000	10.000000		11357.685547
4000.000000	0.120000	1.000000		4480.000000
4000.000000	0.120000	2.000000		5017.600098
4000.000000	0.120000	3.000000		5619.711914
4000.000000	0.120000	4.000000		6294.077637
4000.000000	0.120000	5.000000		7049.366699
4000.000000	0.120000	6.000000		7895.291016
4000.000000	0.120000	7.000000		8842.725586
4000.000000	0.120000	8.000000		9903.853516
4000.000000	0.120000	9.000000		11092.315430
4000.000000	0.120000	10.000000		12423.393555
4000.000000	0.130000	1.000000		4520.000000
4000.000000	0.130000	2.000000		5107.600098
4000.000000	0.130000	3.000000		5771.587891
4000.000000	0.130000	4.000000		6521.894531
4000.000000	0.130000	5.000000		7369.740723
4000.000000	0.130000	6.000000		8327.806641
4000.000000	0.130000	7.000000		9410.421875
4000.000000	0.130000	8.000000		10633.776367
4000.000000	0.130000	9.000000		12016.166992
4000.000000	0.130000	10.000000		13578.268555
4000.000000	0.140000	1.000000		4560.000000
4000.000000	0.140000	2.000000		5198.399902
4000.000000	0.140000	3.000000		5926.175781
4000.000000	0.140000	4.000000		6755.840332
4000.000000	0.140000	5.000000		7701.657715
4000.000000	0.140000	6.000000		8779.889648
4000.000000	0.140000	7.000000		10009.074219
4000.000000	0.140000	8.000000		11410.344727
4000.000000	0.140000	9.000000		13007.792969
4000.000000	0.140000	10.000000		14828.883789
4000.000000	0.150000	1.000000		4600.000000
4000.000000	0.150000	2.000000		5290.000000
4000.000000	0.150000	3.000000		6083.499512
4000.000000	0.150000	4.000000		6996.024414
4000.000000	0.150000	5.000000		8045.427734
4000.000000	0.150000	6.000000		9252.242188
4000.000000	0.150000	7.000000		10640.078125
4000.000000	0.150000	8.000000		12236.089844
4000.000000	0.150000	9.000000		14071.502930
4000.000000	0.150000	10.000000		16182.227539
4000.000000	0.160000	1.000000		4640.000000
4000.000000	0.160000	2.000000		5382.399902
4000.000000	0.160000	3.000000		6243.583496
4000.000000	0.160000	4.000000		7242.556641
4000.000000	0.160000	5.000000		8401.365234
4000.000000	0.160000	6.000000		9745.583984
4000.000000	0.160000	7.000000		11304.876953
4000.000000	0.160000	8.000000		13113.656250
4000.000000	0.160000	9.000000		15211.840820
4000.000000	0.160000	10.000000		17645.734375
4000.000000	0.170000	1.000000		4680.000488
4000.000000	0.170000	2.000000		5475.600586
4000.000000	0.170000	3.000000		6406.453125
4000.000000	0.170000	4.000000		7495.550781
4000.000000	0.170000	5.000000		8769.794922
4000.000000	0.170000	6.000000		10260.661133
4000.000000	0.170000	7.000000		12004.973633
4000.000000	0.170000	8.000000		14045.820312
4000.000000	0.170000	9.000000		16433.611328
4000.000000	0.170000	10.000000		19227.326172
4000.000000	0.180000	1.000000		4720.000488
4000.000000	0.180000	2.000000		5569.600586
4000.000000	0.180000	3.000000		6572.128906
4000.000000	0.180000	4.000000		7755.112793
4000.000000	0.180000	5.000000		9151.033203
4000.000000	0.180000	6.000000		10798.220703
4000.000000	0.180000	7.000000		12741.900391
4000.000000	0.180000	8.000000		15035.443359
4000.000000	0.180000	9.000000		17741.824219
4000.000000	0.180000	10.000000		20935.353516
4000.000000	0.190000	1.000000		4760.000000
4000.000000	0.190000	2.000000		5664.400391
4000.000000	0.190000	3.000000		6740.637207
4000.000000	0.190000	4.000000		8021.358398
4000.000000	0.190000	5.000000		9545.416992
4000.000000	0.190000	6.000000		11359.046875
4000.000000	0.190000	7.000000		13517.266602
4000.000000	0.190000	8.000000		16085.547852
4000.000000	0.190000	9.000000		19141.802734
4000.000000	0.190000	10.000000		22778.746094
4000.000000	0.200000	1.000000		4800.000000
4000.000000	0.200000	2.000000		5760.000488
4000.000000	0.200000	3.000000		6912.000977
4000.000000	0.200000	4.000000		8294.401367
4000.000000	0.200000	5.000000		9953.282227
4000.000000	0.200000	6.000000		11943.938477
4000.000000	0.200000	7.000000		14332.727539
4000.000000	0.200000	8.000000		17199.273438
4000.000000	0.200000	9.000000		20639.128906
4000.000000	0.200000	10.000000		24766.955078
5000.000000	0.100000	1.000000		5500.000000
5000.000000	0.100000	2.000000		6050.000488
5000.000000	0.100000	3.000000		6655.000488
5000.000000	0.100000	4.000000		7320.500488
5000.000000	0.100000	5.000000		8052.550781
5000.000000	0.100000	6.000000		8857.805664
5000.000000	0.100000	7.000000		9743.586914
5000.000000	0.100000	8.000000		10717.946289
5000.000000	0.100000	9.000000		11789.741211
5000.000000	0.100000	10.000000		12968.714844
5000.000000	0.110000	1.000000		5550.000000
5000.000000	0.110000	2.000000		6160.500000
5000.000000	0.110000	3.000000		6838.155273
5000.000000	0.110000	4.000000		7590.352539
5000.000000	0.110000	5.000000		8425.291016
5000.000000	0.110000	6.000000		9352.073242
5000.000000	0.110000	7.000000		10380.801758
5000.000000	0.110000	8.000000		11522.690430
5000.000000	0.110000	9.000000		12790.186523
5000.000000	0.110000	10.000000		14197.106445
5000.000000	0.120000	1.000000		5600.000000
5000.000000	0.120000	2.000000		6272.000000
5000.000000	0.120000	3.000000		7024.640137
5000.000000	0.120000	4.000000		7867.597168
5000.000000	0.120000	5.000000		8811.708984
5000.000000	0.120000	6.000000		9869.113281
5000.000000	0.120000	7.000000		11053.407227
5000.000000	0.120000	8.000000		12379.816406
5000.000000	0.120000	9.000000		13865.394531
5000.000000	0.120000	10.000000		15529.242188
5000.000000	0.130000	1.000000		5650.000000
5000.000000	0.130000	2.000000		6384.500000
5000.000000	0.130000	3.000000		7214.484863
5000.000000	0.130000	4.000000		8152.367676
5000.000000	0.130000	5.000000		9212.175781
5000.000000	0.130000	6.000000		10409.758789
5000.000000	0.130000	7.000000		11763.027344
5000.000000	0.130000	8.000000		13292.220703
5000.000000	0.130000	9.000000		15020.208984
5000.000000	0.130000	10.000000		16972.835938
5000.000000	0.140000	1.000000		5700.000000
5000.000000	0.140000	2.000000		6498.000000
5000.000000	0.140000	3.000000		7407.719727
5000.000000	0.140000	4.000000		8444.800781
5000.000000	0.140000	5.000000		9627.072266
5000.000000	0.140000	6.000000		10974.862305
5000.000000	0.140000	7.000000		12511.342773
5000.000000	0.140000	8.000000		14262.930664
5000.000000	0.140000	9.000000		16259.741211
5000.000000	0.140000	10.000000		18536.103516
5000.000000	0.150000	1.000000		5750.000000
5000.000000	0.150000	2.000000		6612.499512
5000.000000	0.150000	3.000000		7604.374512
5000.000000	0.150000	4.000000		8745.030273
5000.000000	0.150000	5.000000		10056.785156
5000.000000	0.150000	6.000000		11565.302734
5000.000000	0.150000	7.000000		13300.097656
5000.000000	0.150000	8.000000		15295.111328
5000.000000	0.150000	9.000000		17589.378906
5000.000000	0.150000	10.000000		20227.785156
5000.000000	0.160000	1.000000		5800.000000
5000.000000	0.160000	2.000000		6727.999512
5000.000000	0.160000	3.000000		7804.479492
5000.000000	0.160000	4.000000		9053.195312
5000.000000	0.160000	5.000000		10501.707031
5000.000000	0.160000	6.000000		12181.979492
5000.000000	0.160000	7.000000		14131.095703
5000.000000	0.160000	8.000000		16392.070312
5000.000000	0.160000	9.000000		19014.800781
5000.000000	0.160000	10.000000		22057.169922
5000.000000	0.170000	1.000000		5850.000488
5000.000000	0.170000	2.000000		6844.500977
5000.000000	0.170000	3.000000		8008.066406
5000.000000	0.170000	4.000000		9369.438477
5000.000000	0.170000	5.000000		10962.244141
5000.000000	0.170000	6.000000		12825.826172
5000.000000	0.170000	7.000000		15006.217773
5000.000000	0.170000	8.000000		17557.275391
5000.000000	0.170000	9.000000		20542.013672
5000.000000	0.170000	10.000000		24034.158203
5000.000000	0.180000	1.000000		5900.000488
5000.000000	0.180000	2.000000		6962.000977
5000.000000	0.180000	3.000000		8215.161133
5000.000000	0.180000	4.000000		9693.890625
5000.000000	0.180000	5.000000		11438.791992
5000.000000	0.180000	6.000000		13497.775391
5000.000000	0.180000	7.000000		15927.375977
5000.000000	0.180000	8.000000		18794.304688
5000.000000	0.180000	9.000000		22177.281250
5000.000000	0.180000	10.000000		26169.193359
5000.000000	0.190000	1.000000		5950.000488
5000.000000	0.190000	2.000000		7080.500488
5000.000000	0.190000	3.000000		8425.795898
5000.000000	0.190000	4.000000		10026.698242
5000.000000	0.190000	5.000000		11931.771484
5000.000000	0.190000	6.000000		14198.808594
5000.000000	0.190000	7.000000		16896.582031
5000.000000	0.190000	8.000000		20106.933594
5000.000000	0.190000	9.000000		23927.253906
5000.000000	0.190000	10.000000		28473.433594
5000.000000	0.200000	1.000000		6000.000000
5000.000000	0.200000	2.000000		7200.000488
5000.000000	0.200000	3.000000		8640.000977
5000.000000	0.200000	4.000000		10368.001953
5000.000000	0.200000	5.000000		12441.602539
5000.000000	0.200000	6.000000		14929.923828
5000.000000	0.200000	7.000000		17915.908203
5000.000000	0.200000	8.000000		21499.091797
5000.000000	0.200000	9.000000		25798.910156
5000.000000	0.200000	10.000000		30958.695312
6000.000000	0.100000	1.000000		6600.000000
6000.000000	0.100000	2.000000		7260.000488
6000.000000	0.100000	3.000000		7986.000488
6000.000000	0.100000	4.000000		8784.600586
6000.000000	0.100000	5.000000		9663.061523
6000.000000	0.100000	6.000000		10629.367188
6000.000000	0.100000	7.000000		11692.304688
6000.000000	0.100000	8.000000		12861.535156
6000.000000	0.100000	9.000000		14147.688477
6000.000000	0.100000	10.000000		15562.458008
6000.000000	0.110000	1.000000		6660.000000
6000.000000	0.110000	2.000000		7392.600098
6000.000000	0.110000	3.000000		8205.786133
6000.000000	0.110000	4.000000		9108.422852
6000.000000	0.110000	5.000000		10110.349609
6000.000000	0.110000	6.000000		11222.488281
6000.000000	0.110000	7.000000		12456.961914
6000.000000	0.110000	8.000000		13827.228516
6000.000000	0.110000	9.000000		15348.223633
6000.000000	0.110000	10.000000		17036.527344
6000.000000	0.120000	1.000000		6720.000000
6000.000000	0.120000	2.000000		7526.399902
6000.000000	0.120000	3.000000		8429.568359
6000.000000	0.120000	4.000000		9441.116211
6000.000000	0.120000	5.000000		10574.050781
6000.000000	0.120000	6.000000		11842.936523
6000.000000	0.120000	7.000000		13264.088867
6000.000000	0.120000	8.000000		14855.779297
6000.000000	0.120000	9.000000		16638.472656
6000.000000	0.120000	10.000000		18635.089844
6000.000000	0.130000	1.000000		6780.000000
6000.000000	0.130000	2.000000		7661.399902
6000.000000	0.130000	3.000000		8657.381836
6000.000000	0.130000	4.000000		9782.841797
6000.000000	0.130000	5.000000		11054.611328
6000.000000	0.130000	6.000000		12491.709961
6000.000000	0.130000	7.000000		14115.632812
6000.000000	0.130000	8.000000		15950.665039
6000.000000	0.130000	9.000000		18024.250000
6000.000000	0.130000	10.000000		20367.404297
6000.000000	0.140000	1.000000		6840.000000
6000.000000	0.140000	2.000000		7797.599609
6000.000000	0.140000	3.000000		8889.263672
6000.000000	0.140000	4.000000		10133.760742
6000.000000	0.140000	5.000000		11552.486328
6000.000000	0.140000	6.000000		13169.834961
6000.000000	0.140000	7.000000		15013.611328
6000.000000	0.140000	8.000000		17115.517578
6000.000000	0.140000	9.000000		19511.689453
6000.000000	0.140000	10.000000		22243.324219
6000.000000	0.150000	1.000000		6900.000000
6000.000000	0.150000	2.000000		7934.999512
6000.000000	0.150000	3.000000		9125.249023
6000.000000	0.150000	4.000000		10494.037109
6000.000000	0.150000	5.000000		12068.141602
6000.000000	0.150000	6.000000		13878.363281
6000.000000	0.150000	7.000000		15960.117188
6000.000000	0.150000	8.000000		18354.134766
6000.000000	0.150000	9.000000		21107.253906
6000.000000	0.150000	10.000000		24273.341797
6000.000000	0.160000	1.000000		6960.000000
6000.000000	0.160000	2.000000		8073.599609
6000.000000	0.160000	3.000000		9365.375000
6000.000000	0.160000	4.000000		10863.834961
6000.000000	0.160000	5.000000		12602.047852
6000.000000	0.160000	6.000000		14618.375000
6000.000000	0.160000	7.000000		16957.314453
6000.000000	0.160000	8.000000		19670.484375
6000.000000	0.160000	9.000000		22817.761719
6000.000000	0.160000	10.000000		26468.603516
6000.000000	0.170000	1.000000		7020.000488
6000.000000	0.170000	2.000000		8213.401367
6000.000000	0.170000	3.000000		9609.679688
6000.000000	0.170000	4.000000		11243.326172
6000.000000	0.170000	5.000000		13154.692383
6000.000000	0.170000	6.000000		15390.991211
6000.000000	0.170000	7.000000		18007.460938
6000.000000	0.170000	8.000000		21068.730469
6000.000000	0.170000	9.000000		24650.416016
6000.000000	0.170000	10.000000		28840.988281
6000.000000	0.180000	1.000000		7080.000488
6000.000000	0.180000	2.000000		8354.401367
6000.000000	0.180000	3.000000		9858.193359
6000.000000	0.180000	4.000000		11632.668945
6000.000000	0.180000	5.000000		13726.550781
6000.000000	0.180000	6.000000		16197.330078
6000.000000	0.180000	7.000000		19112.851562
6000.000000	0.180000	8.000000		22553.166016
6000.000000	0.180000	9.000000		26612.736328
6000.000000	0.180000	10.000000		31403.031250
6000.000000	0.190000	1.000000		7140.000488
6000.000000	0.190000	2.000000		8496.600586
6000.000000	0.190000	3.000000		10110.955078
6000.000000	0.190000	4.000000		12032.037109
6000.000000	0.190000	5.000000		14318.125000
6000.000000	0.190000	6.000000		17038.570312
6000.000000	0.190000	7.000000		20275.898438
6000.000000	0.190000	8.000000		24128.322266
6000.000000	0.190000	9.000000		28712.703125
6000.000000	0.190000	10.000000		34168.121094
6000.000000	0.200000	1.000000		7200.000488
6000.000000	0.200000	2.000000		8640.000977
6000.000000	0.200000	3.000000		10368.000977
6000.000000	0.200000	4.000000		12441.601562
6000.000000	0.200000	5.000000		14929.922852
6000.000000	0.200000	6.000000		17915.908203
6000.000000	0.200000	7.000000		21499.089844
6000.000000	0.200000	8.000000		25798.910156
6000.000000	0.200000	9.000000		30958.693359
6000.000000	0.200000	10.000000		37150.433594
7000.000000	0.100000	1.000000		7700.000000
7000.000000	0.100000	2.000000		8470.000000
7000.000000	0.100000	3.000000		9317.000977
7000.000000	0.100000	4.000000		10248.701172
7000.000000	0.100000	5.000000		11273.571289
7000.000000	0.100000	6.000000		12400.928711
7000.000000	0.100000	7.000000		13641.021484
7000.000000	0.100000	8.000000		15005.124023
7000.000000	0.100000	9.000000		16505.636719
7000.000000	0.100000	10.000000		18156.201172
7000.000000	0.110000	1.000000		7770.000000
7000.000000	0.110000	2.000000		8624.700195
7000.000000	0.110000	3.000000		9573.416992
7000.000000	0.110000	4.000000		10626.493164
7000.000000	0.110000	5.000000		11795.408203
7000.000000	0.110000	6.000000		13092.903320
7000.000000	0.110000	7.000000		14533.122070
7000.000000	0.110000	8.000000		16131.765625
7000.000000	0.110000	9.000000		17906.259766
7000.000000	0.110000	10.000000		19875.949219
7000.000000	0.120000	1.000000		7840.000000
7000.000000	0.120000	2.000000		8780.799805
7000.000000	0.120000	3.000000		9834.496094
7000.000000	0.120000	4.000000		11014.635742
7000.000000	0.120000	5.000000		12336.391602
7000.000000	0.120000	6.000000		13816.758789
7000.000000	0.120000	7.000000		15474.770508
7000.000000	0.120000	8.000000		17331.742188
7000.000000	0.120000	9.000000		19411.552734
7000.000000	0.120000	10.000000		21740.937500
7000.000000	0.130000	1.000000		7910.000000
7000.000000	0.130000	2.000000		8938.299805
7000.000000	0.130000	3.000000		10100.279297
7000.000000	0.130000	4.000000		11413.315430
7000.000000	0.130000	5.000000		12897.045898
7000.000000	0.130000	6.000000		14573.662109
7000.000000	0.130000	7.000000		16468.238281
7000.000000	0.130000	8.000000		18609.109375
7000.000000	0.130000	9.000000		21028.292969
7000.000000	0.130000	10.000000		23761.970703
7000.000000	0.140000	1.000000		7980.000000
7000.000000	0.140000	2.000000		9097.200195
7000.000000	0.140000	3.000000		10370.807617
7000.000000	0.140000	4.000000		11822.720703
7000.000000	0.140000	5.000000		13477.901367
7000.000000	0.140000	6.000000		15364.807617
7000.000000	0.140000	7.000000		17515.880859
7000.000000	0.140000	8.000000		19968.103516
7000.000000	0.140000	9.000000		22763.636719
7000.000000	0.140000	10.000000		25950.546875
7000.000000	0.150000	1.000000		8050.000000
7000.000000	0.150000	2.000000		9257.500000
7000.000000	0.150000	3.000000		10646.124023
7000.000000	0.150000	4.000000		12243.042969
7000.000000	0.150000	5.000000		14079.499023
7000.000000	0.150000	6.000000		16191.423828
7000.000000	0.150000	7.000000		18620.136719
7000.000000	0.150000	8.000000		21413.156250
7000.000000	0.150000	9.000000		24625.128906
7000.000000	0.150000	10.000000		28318.898438
7000.000000	0.160000	1.000000		8120.000000
7000.000000	0.160000	2.000000		9419.199219
7000.000000	0.160000	3.000000		10926.271484
7000.000000	0.160000	4.000000		12674.473633
7000.000000	0.160000	5.000000		14702.389648
7000.000000	0.160000	6.000000		17054.771484
7000.000000	0.160000	7.000000		19783.533203
7000.000000	0.160000	8.000000		22948.898438
7000.000000	0.160000	9.000000		26620.722656
7000.000000	0.160000	10.000000		30880.037109
7000.000000	0.170000	1.000000		8190.000488
7000.000000	0.170000	2.000000		9582.300781
7000.000000	0.170000	3.000000		11211.292969
7000.000000	0.170000	4.000000		13117.213867
7000.000000	0.170000	5.000000		15347.141602
7000.000000	0.170000	6.000000		17956.156250
7000.000000	0.170000	7.000000		21008.705078
7000.000000	0.170000	8.000000		24580.185547
7000.000000	0.170000	9.000000		28758.818359
7000.000000	0.170000	10.000000		33647.820312
7000.000000	0.180000	1.000000		8260.000000
7000.000000	0.180000	2.000000		9746.800781
7000.000000	0.180000	3.000000		11501.225586
7000.000000	0.180000	4.000000		13571.447266
7000.000000	0.180000	5.000000		16014.308594
7000.000000	0.180000	6.000000		18896.884766
7000.000000	0.180000	7.000000		22298.326172
7000.000000	0.180000	8.000000		26312.025391
7000.000000	0.180000	9.000000		31048.193359
7000.000000	0.180000	10.000000		36636.871094
7000.000000	0.190000	1.000000		8330.000000
7000.000000	0.190000	2.000000		9912.701172
7000.000000	0.190000	3.000000		11796.114258
7000.000000	0.190000	4.000000		14037.376953
7000.000000	0.190000	5.000000		16704.480469
7000.000000	0.190000	6.000000		19878.332031
7000.000000	0.190000	7.000000		23655.216797
7000.000000	0.190000	8.000000		28149.708984
7000.000000	0.190000	9.000000		33498.156250
7000.000000	0.190000	10.000000		39862.804688
7000.000000	0.200000	1.000000		8400.000000
7000.000000	0.200000	2.000000		10080.000977
7000.000000	0.200000	3.000000		12096.000977
7000.000000	0.200000	4.000000		14515.202148
7000.000000	0.200000	5.000000		17418.244141
7000.000000	0.200000	6.000000		20901.892578
7000.000000	0.200000	7.000000		25082.273438
7000.000000	0.200000	8.000000		30098.728516
7000.000000	0.200000	9.000000		36118.476562
7000.000000	0.200000	10.000000		43342.171875
8000.000000	0.100000	1.000000		8800.000000
8000.000000	0.100000	2.000000		9680.000000
8000.000000	0.100000	3.000000		10648.000977
8000.000000	0.100000	4.000000		11712.800781
8000.000000	0.100000	5.000000		12884.081055
8000.000000	0.100000	6.000000		14172.490234
8000.000000	0.100000	7.000000		15589.739258
8000.000000	0.100000	8.000000		17148.712891
8000.000000	0.100000	9.000000		18863.585938
8000.000000	0.100000	10.000000		20749.943359
8000.000000	0.110000	1.000000		8880.000000
8000.000000	0.110000	2.000000		9856.799805
8000.000000	0.110000	3.000000		10941.048828
8000.000000	0.110000	4.000000		12144.563477
8000.000000	0.110000	5.000000		13480.465820
8000.000000	0.110000	6.000000		14963.317383
8000.000000	0.110000	7.000000		16609.283203
8000.000000	0.110000	8.000000		18436.304688
8000.000000	0.110000	9.000000		20464.296875
8000.000000	0.110000	10.000000		22715.371094
8000.000000	0.120000	1.000000		8960.000000
8000.000000	0.120000	2.000000		10035.200195
8000.000000	0.120000	3.000000		11239.423828
8000.000000	0.120000	4.000000		12588.155273
8000.000000	0.120000	5.000000		14098.733398
8000.000000	0.120000	6.000000		15790.582031
8000.000000	0.120000	7.000000		17685.451172
8000.000000	0.120000	8.000000		19807.707031
8000.000000	0.120000	9.000000		22184.630859
8000.000000	0.120000	10.000000		24846.787109
8000.000000	0.130000	1.000000		9040.000000
8000.000000	0.130000	2.000000		10215.200195
8000.000000	0.130000	3.000000		11543.175781
8000.000000	0.130000	4.000000		13043.789062
8000.000000	0.130000	5.000000		14739.481445
8000.000000	0.130000	6.000000		16655.613281
8000.000000	0.130000	7.000000		18820.843750
8000.000000	0.130000	8.000000		21267.552734
8000.000000	0.130000	9.000000		24032.333984
8000.000000	0.130000	10.000000		27156.537109
8000.000000	0.140000	1.000000		9120.000000
8000.000000	0.140000	2.000000		10396.799805
8000.000000	0.140000	3.000000		11852.351562
8000.000000	0.140000	4.000000		13511.680664
8000.000000	0.140000	5.000000		15403.315430
8000.000000	0.140000	6.000000		17559.779297
8000.000000	0.140000	7.000000		20018.148438
8000.000000	0.140000	8.000000		22820.689453
8000.000000	0.140000	9.000000		26015.585938
8000.000000	0.140000	10.000000		29657.767578
8000.000000	0.150000	1.000000		9200.000000
8000.000000	0.150000	2.000000		10580.000000
8000.000000	0.150000	3.000000		12166.999023
8000.000000	0.150000	4.000000		13992.048828
8000.000000	0.150000	5.000000		16090.855469
8000.000000	0.150000	6.000000		18504.484375
8000.000000	0.150000	7.000000		21280.156250
8000.000000	0.150000	8.000000		24472.179688
8000.000000	0.150000	9.000000		28143.005859
8000.000000	0.150000	10.000000		32364.455078
8000.000000	0.160000	1.000000		9280.000000
8000.000000	0.160000	2.000000		10764.799805
8000.000000	0.160000	3.000000		12487.166992
8000.000000	0.160000	4.000000		14485.113281
8000.000000	0.160000	5.000000		16802.730469
8000.000000	0.160000	6.000000		19491.167969
8000.000000	0.160000	7.000000		22609.753906
8000.000000	0.160000	8.000000		26227.312500
8000.000000	0.160000	9.000000		30423.681641
8000.000000	0.160000	10.000000		35291.468750
8000.000000	0.170000	1.000000		9360.000977
8000.000000	0.170000	2.000000		10951.201172
8000.000000	0.170000	3.000000		12812.906250
8000.000000	0.170000	4.000000		14991.101562
8000.000000	0.170000	5.000000		17539.589844
8000.000000	0.170000	6.000000		20521.322266
8000.000000	0.170000	7.000000		24009.947266
8000.000000	0.170000	8.000000		28091.640625
8000.000000	0.170000	9.000000		32867.222656
8000.000000	0.170000	10.000000		38454.652344
8000.000000	0.180000	1.000000		9440.000977
8000.000000	0.180000	2.000000		11139.201172
8000.000000	0.180000	3.000000		13144.257812
8000.000000	0.180000	4.000000		15510.225586
8000.000000	0.180000	5.000000		18302.066406
8000.000000	0.180000	6.000000		21596.441406
8000.000000	0.180000	7.000000		25483.800781
8000.000000	0.180000	8.000000		30070.886719
8000.000000	0.180000	9.000000		35483.648438
8000.000000	0.180000	10.000000		41870.707031
8000.000000	0.190000	1.000000		9520.000000
8000.000000	0.190000	2.000000		11328.800781
8000.000000	0.190000	3.000000		13481.274414
8000.000000	0.190000	4.000000		16042.716797
8000.000000	0.190000	5.000000		19090.833984
8000.000000	0.190000	6.000000		22718.093750
8000.000000	0.190000	7.000000		27034.533203
8000.000000	0.190000	8.000000		32171.095703
8000.000000	0.190000	9.000000		38283.605469
8000.000000	0.190000	10.000000		45557.492188
8000.000000	0.200000	1.000000		9600.000000
8000.000000	0.200000	2.000000		11520.000977
8000.000000	0.200000	3.000000		13824.001953
8000.000000	0.200000	4.000000		16588.802734
8000.000000	0.200000	5.000000		19906.564453
8000.000000	0.200000	6.000000		23887.876953
8000.000000	0.200000	7.000000		28665.455078
8000.000000	0.200000	8.000000		34398.546875
8000.000000	0.200000	9.000000		41278.257812
8000.000000	0.200000	10.000000		49533.910156
9000.000000	0.100000	1.000000		9900.000000
9000.000000	0.100000	2.000000		10890.000000
9000.000000	0.100000	3.000000		11979.000977
9000.000000	0.100000	4.000000		13176.901367
9000.000000	0.100000	5.000000		14494.591797
9000.000000	0.100000	6.000000		15944.050781
9000.000000	0.100000	7.000000		17538.457031
9000.000000	0.100000	8.000000		19292.302734
9000.000000	0.100000	9.000000		21221.533203
9000.000000	0.100000	10.000000		23343.687500
9000.000000	0.110000	1.000000		9990.000000
9000.000000	0.110000	2.000000		11088.900391
9000.000000	0.110000	3.000000		12308.679688
9000.000000	0.110000	4.000000		13662.634766
9000.000000	0.110000	5.000000		15165.524414
9000.000000	0.110000	6.000000		16833.732422
9000.000000	0.110000	7.000000		18685.443359
9000.000000	0.110000	8.000000		20740.841797
9000.000000	0.110000	9.000000		23022.335938
9000.000000	0.110000	10.000000		25554.792969
9000.000000	0.120000	1.000000		10080.000000
9000.000000	0.120000	2.000000		11289.599609
9000.000000	0.120000	3.000000		12644.352539
9000.000000	0.120000	4.000000		14161.674805
9000.000000	0.120000	5.000000		15861.075195
9000.000000	0.120000	6.000000		17764.404297
9000.000000	0.120000	7.000000		19896.132812
9000.000000	0.120000	8.000000		22283.669922
9000.000000	0.120000	9.000000		24957.708984
9000.000000	0.120000	10.000000		27952.634766
9000.000000	0.130000	1.000000		10170.000000
9000.000000	0.130000	2.000000		11492.099609
9000.000000	0.130000	3.000000		12986.073242
9000.000000	0.130000	4.000000		14674.262695
9000.000000	0.130000	5.000000		16581.916016
9000.000000	0.130000	6.000000		18737.564453
9000.000000	0.130000	7.000000		21173.449219
9000.000000	0.130000	8.000000		23925.996094
9000.000000	0.130000	9.000000		27036.376953
9000.000000	0.130000	10.000000		30551.105469
9000.000000	0.140000	1.000000		10260.000000
9000.000000	0.140000	2.000000		11696.399414
9000.000000	0.140000	3.000000		13333.895508
9000.000000	0.140000	4.000000		15200.640625
9000.000000	0.140000	5.000000		17328.730469
9000.000000	0.140000	6.000000		19754.751953
9000.000000	0.140000	7.000000		22520.417969
9000.000000	0.140000	8.000000		25673.275391
9000.000000	0.140000	9.000000		29267.533203
9000.000000	0.140000	10.000000		33364.988281
9000.000000	0.150000	1.000000		10350.000000
9000.000000	0.150000	2.000000		11902.499023
9000.000000	0.150000	3.000000		13687.874023
9000.000000	0.150000	4.000000		15741.054688
9000.000000	0.150000	5.000000		18102.212891
9000.000000	0.150000	6.000000		20817.544922
9000.000000	0.150000	7.000000		23940.175781
9000.000000	0.150000	8.000000		27531.201172
9000.000000	0.150000	9.000000		31660.880859
9000.000000	0.150000	10.000000		36410.011719
9000.000000	0.160000	1.000000		10440.000000
9000.000000	0.160000	2.000000		12110.399414
9000.000000	0.160000	3.000000		14048.062500
9000.000000	0.160000	4.000000		16295.751953
9000.000000	0.160000	5.000000		18903.072266
9000.000000	0.160000	6.000000		21927.562500
9000.000000	0.160000	7.000000		25435.972656
9000.000000	0.160000	8.000000		29505.726562
9000.000000	0.160000	9.000000		34226.644531
9000.000000	0.160000	10.000000		39702.902344
9000.000000	0.170000	1.000000		10530.000977
9000.000000	0.170000	2.000000		12320.101562
9000.000000	0.170000	3.000000		14414.519531
9000.000000	0.170000	4.000000		16864.990234
9000.000000	0.170000	5.000000		19732.039062
9000.000000	0.170000	6.000000		23086.486328
9000.000000	0.170000	7.000000		27011.191406
9000.000000	0.170000	8.000000		31603.095703
9000.000000	0.170000	9.000000		36975.625000
9000.000000	0.170000	10.000000		43261.484375
9000.000000	0.180000	1.000000		10620.000977
9000.000000	0.180000	2.000000		12531.601562
9000.000000	0.180000	3.000000		14787.290039
9000.000000	0.180000	4.000000		17449.003906
9000.000000	0.180000	5.000000		20589.826172
9000.000000	0.180000	6.000000		24295.996094
9000.000000	0.180000	7.000000		28669.277344
9000.000000	0.180000	8.000000		33829.750000
9000.000000	0.180000	9.000000		39919.105469
9000.000000	0.180000	10.000000		47104.546875
9000.000000	0.190000	1.000000		10710.000977
9000.000000	0.190000	2.000000		12744.901367
9000.000000	0.190000	3.000000		15166.433594
9000.000000	0.190000	4.000000		18048.056641
9000.000000	0.190000	5.000000		21477.187500
9000.000000	0.190000	6.000000		25557.855469
9000.000000	0.190000	7.000000		30413.849609
9000.000000	0.190000	8.000000		36192.480469
9000.000000	0.190000	9.000000		43069.054688
9000.000000	0.190000	10.000000		51252.179688
9000.000000	0.200000	1.000000		10800.000000
9000.000000	0.200000	2.000000		12960.000977
9000.000000	0.200000	3.000000		15552.001953
9000.000000	0.200000	4.000000		18662.402344
9000.000000	0.200000	5.000000		22394.884766
9000.000000	0.200000	6.000000		26873.863281
9000.000000	0.200000	7.000000		32248.636719
9000.000000	0.200000	8.000000		38698.363281
9000.000000	0.200000	9.000000		46438.039062
9000.000000	0.200000	10.000000		55725.648438
10000.000000	0.100000	1.000000		11000.000000
10000.000000	0.100000	2.000000		12100.000977
10000.000000	0.100000	3.000000		13310.000977
10000.000000	0.100000	4.000000		14641.000977
10000.000000	0.100000	5.000000		16105.101562
10000.000000	0.100000	6.000000		17715.611328
10000.000000	0.100000	7.000000		19487.173828
10000.000000	0.100000	8.000000		21435.892578
10000.000000	0.100000	9.000000		23579.482422
10000.000000	0.100000	10.000000		25937.429688
10000.000000	0.110000	1.000000		11100.000000
10000.000000	0.110000	2.000000		12321.000000
10000.000000	0.110000	3.000000		13676.310547
10000.000000	0.110000	4.000000		15180.705078
10000.000000	0.110000	5.000000		16850.582031
10000.000000	0.110000	6.000000		18704.146484
10000.000000	0.110000	7.000000		20761.603516
10000.000000	0.110000	8.000000		23045.380859
10000.000000	0.110000	9.000000		25580.373047
10000.000000	0.110000	10.000000		28394.212891
10000.000000	0.120000	1.000000		11200.000000
10000.000000	0.120000	2.000000		12544.000000
10000.000000	0.120000	3.000000		14049.280273
10000.000000	0.120000	4.000000		15735.194336
10000.000000	0.120000	5.000000		17623.417969
10000.000000	0.120000	6.000000		19738.226562
10000.000000	0.120000	7.000000		22106.814453
10000.000000	0.120000	8.000000		24759.632812
10000.000000	0.120000	9.000000		27730.789062
10000.000000	0.120000	10.000000		31058.484375
10000.000000	0.130000	1.000000		11300.000000
10000.000000	0.130000	2.000000		12769.000000
10000.000000	0.130000	3.000000		14428.969727
10000.000000	0.130000	4.000000		16304.735352
10000.000000	0.130000	5.000000		18424.351562
10000.000000	0.130000	6.000000		20819.517578
10000.000000	0.130000	7.000000		23526.054688
10000.000000	0.130000	8.000000		26584.441406
10000.000000	0.130000	9.000000		30040.417969
10000.000000	0.130000	10.000000		33945.671875
10000.000000	0.140000	1.000000		11400.000000
10000.000000	0.140000	2.000000		12996.000000
10000.000000	0.140000	3.000000		14815.439453
10000.000000	0.140000	4.000000		16889.601562
10000.000000	0.140000	5.000000		19254.144531
10000.000000	0.140000	6.000000		21949.724609
10000.000000	0.140000	7.000000		25022.685547
10000.000000	0.140000	8.000000		28525.861328
10000.000000	0.140000	9.000000		32519.482422
10000.000000	0.140000	10.000000		37072.207031
10000.000000	0.150000	1.000000		11500.000000
10000.000000	0.150000	2.000000		13224.999023
10000.000000	0.150000	3.000000		15208.749023
10000.000000	0.150000	4.000000		17490.060547
10000.000000	0.150000	5.000000		20113.570312
10000.000000	0.150000	6.000000		23130.605469
10000.000000	0.150000	7.000000		26600.195312
10000.000000	0.150000	8.000000		30590.222656
10000.000000	0.150000	9.000000		35178.757812
10000.000000	0.150000	10.000000		40455.570312
10000.000000	0.160000	1.000000		11600.000000
10000.000000	0.160000	2.000000		13455.999023
10000.000000	0.160000	3.000000		15608.958984
10000.000000	0.160000	4.000000		18106.390625
10000.000000	0.160000	5.000000		21003.414062
10000.000000	0.160000	6.000000		24363.958984
10000.000000	0.160000	7.000000		28262.191406
10000.000000	0.160000	8.000000		32784.140625
10000.000000	0.160000	9.000000		38029.601562
10000.000000	0.160000	10.000000		44114.339844
10000.000000	0.170000	1.000000		11700.000977
10000.000000	0.170000	2.000000		13689.001953
10000.000000	0.170000	3.000000		16016.132812
10000.000000	0.170000	4.000000		18738.876953
10000.000000	0.170000	5.000000		21924.488281
10000.000000	0.170000	6.000000		25651.652344
10000.000000	0.170000	7.000000		30012.435547
10000.000000	0.170000	8.000000		35114.550781
10000.000000	0.170000	9.000000		41084.027344
10000.000000	0.170000	10.000000		48068.316406
10000.000000	0.180000	1.000000		11800.000977
10000.000000	0.180000	2.000000		13924.001953
10000.000000	0.180000	3.000000		16430.322266
10000.000000	0.180000	4.000000		19387.781250
10000.000000	0.180000	5.000000		22877.583984
10000.000000	0.180000	6.000000		26995.550781
10000.000000	0.180000	7.000000		31854.751953
10000.000000	0.180000	8.000000		37588.609375
10000.000000	0.180000	9.000000		44354.562500
10000.000000	0.180000	10.000000		52338.386719
10000.000000	0.190000	1.000000		11900.000977
10000.000000	0.190000	2.000000		14161.000977
10000.000000	0.190000	3.000000		16851.591797
10000.000000	0.190000	4.000000		20053.396484
10000.000000	0.190000	5.000000		23863.542969
10000.000000	0.190000	6.000000		28397.617188
10000.000000	0.190000	7.000000		33793.164062
10000.000000	0.190000	8.000000		40213.867188
10000.000000	0.190000	9.000000		47854.507812
10000.000000	0.190000	10.000000		56946.867188
10000.000000	0.200000	1.000000		12000.000000
10000.000000	0.200000	2.000000		14400.000977
10000.000000	0.200000	3.000000		17280.001953
10000.000000	0.200000	4.000000		20736.003906
10000.000000	0.200000	5.000000		24883.205078
10000.000000	0.200000	6.000000		29859.847656
10000.000000	0.200000	7.000000		35831.816406
10000.000000	0.200000	8.000000		42998.183594
10000.000000	0.200000	9.000000		51597.820312
10000.000000	0.200000	10.000000		61917.390625