X	0.100000	0.200000	0.300000	0.400000	0.500000	0.600000	0.700000	0.800000	0.900000
0	0.904837	0.818731	0.740818	0.670320	0.606531	0.548812	0.496585	0.449329
1	0.332871	0.301194	0.272532	0.246597	0.223130	0.201896	0.182683	0.165299
2	0.122456	0.110803	0.100259	0.090718	0.082085	0.074274	0.067206	0.060810	0.055023
3	0.045049	0.040762	0.036883	0.033373	0.030197	0.027324	0.024724	0.022371	0.020242
4	0.016573	0.014996	0.013569	0.012277	0.011109	0.010052	0.009095	0.008230	0.007447
5	0.006097	0.005517	0.004992	0.004517	0.004087	0.003698	0.003346	0.003028	0.002739
6	0.002243	0.002029	0.001836	0.001662	0.001503	0.001360	0.001231	0.001114	0.001008
7	0.000825	0.000747	0.000676	0.000611	0.000553	0.000500	0.000453	0.000410	0.000371
8	0.000304	0.000275	0.000249	0.000225	0.000203	0.000184	0.000167	0.000151
9	0.000112	0.000101	0.000091	0.000083	0.000075	0.000068	0.000061	0.000055